1744198565.679805873	0	0	0	0	0	0
1744198569.614845888	0	408	408	0	3012	3012
1744198573.095040858	882	883	1	6999	7035	36
1744198576.931468397	916	917	1	7537	7545	8
1744198580.551020967	1104	1106	2	8238	8244	6
1744198584.499376296	1218	1218	0	8707	8714	7
1744198588.322403556	1244	1244	0	9275	9279	4
1744198592.278342756	1244	1243	-1	9279	9298	19
1744198595.966564216	1348	1348	0	9836	9840	4
1744198600.102387097	1348	1348	0	9840	9844	4
1744198604.229386607	1511	1511	0	10627	10628	1
1744198607.757454557	1509	1510	1	10640	10640	0
1744198612.110074066	1525	1526	1	10682	10683	1
1744198616.467077697	1609	1610	1	10983	10989	6
1744198620.586419752	1679	1680	1	11574	11583	9
1744198766.486678253	0	0	0	0	0	0
1744198770.539208468	0	408	408	0	3025	3025
1744198774.288192351	997	1001	4	7959	7983	24
1744198777.918880552	1001	1001	0	7983	7993	10
1744198781.649333666	1114	1114	0	8451	8459	8
1744198785.579760803	1185	1186	1	8842	8846	4
1744198789.935937050	1218	1217	-1	9029	9032	3
1744198794.123622465	1217	1217	0	9048	9049	1
1744198799.008499136	1297	1297	0	9260	9264	4
1744198803.334852649	1308	1308	0	9571	9571	0
1744198807.448935211	1322	1322	0	9753	9756	3
1744198811.712409495	1387	1387	0	9942	9942	0
1744198816.304691278	1493	1492	-1	10389	10391	2
1744198820.550666327	1551	1551	0	10739	10741	2
1744198824.970022934	1632	1632	0	11241	11244	3
1744198829.690919291	1672	1672	0	11356	11368	12
1744198834.713044313	1693	1692	-1	11440	11442	2
1744198839.486820887	1773	1772	-1	11894	11895	1
1744198844.208380900	1870	1870	0	12665	12667	2
1744198849.255168228	1941	1941	0	13069	13076	7
1744199281.347025411	0	0	0	0	0	0
1744199285.025024192	406	941	535	5737	11249	5512
1744199288.160063172	966	1006	40	11439	11598	159
1744199291.919044418	1048	1070	22	11694	11734	40
1744199295.828918095	1115	1151	36	11825	11951	126
1744199299.255032219	1200	1232	32	11995	12074	79
1744199302.741043418	1242	1248	6	12198	12361	163
1744199306.475042485	1303	1336	33	12378	12447	69
1744199309.976051616	1369	1396	27	12542	12715	173
1744199313.698030372	1400	1420	20	12774	12862	88
1744199317.225931069	1420	1435	15	12862	13024	162
1744199320.412050667	1447	1466	19	13228	13311	83
1744199323.696062769	1484	1516	32	13430	13609	179
1744199327.701819396	1526	1541	15	13693	13770	77
1744199331.129031802	1562	1577	15	13900	14055	155
1744199334.184675068	1596	1609	13	14135	14190	55
1744199337.593039196	1633	1640	7	14281	14350	69
1744199340.853032069	1666	1671	5	14402	14432	30
1744199343.943059713	1699	1710	11	14502	14593	91
1744199347.287039843	1723	1729	6	14620	14651	31
1744199350.385029504	1744	1757	13	14750	14851	101
1744199353.815049849	1757	1778	21	14851	14933	82
1744199356.991026987	1819	1846	27	15081	15157	76
1744199360.127035363	1861	1872	11	15239	15351	112
1744199363.282025344	1903	1913	10	15476	15504	28
1744199366.444040136	1935	1933	-2	15542	15572	30
1744199369.750035497	1950	1955	5	15665	15677	12
1744199373.445574518	1968	1978	10	15708	15720	12
1744199376.678054740	1989	1983	-6	15764	15788	24
1744199379.888032462	1983	1990	7	15788	15801	13
1744199383.429024980	2012	2014	2	15807	15825	18
1744199386.824054950	2026	2034	8	15828	15843	15
1744199390.407025128	2045	2053	8	15852	15891	39
1744199393.921037189	2066	2074	8	15896	15909	13
1744199397.154035893	2079	2095	16	15924	15925	1
1744199400.553120967	2104	2105	1	15938	15955	17
1744199403.776049000	2115	2119	4	15969	15984	15
1744199407.884057849	2118	2126	8	16006	16018	12
1744199411.948035839	2123	2122	-1	16038	16083	45
1744199415.562027771	2137	2142	5	16098	16118	20
1744199419.041592092	2157	2167	10	16123	16142	19
1744199422.411081380	2179	2180	1	16157	16185	28
1744199425.685525250	2186	2192	6	16201	16235	34
1744199428.886049370	2207	2215	8	16265	16280	15
1744199432.169057612	2229	2236	7	16284	16291	7
1744199435.579023190	2244	2248	4	16303	16319	16
1744199439.511048409	2258	2261	3	16323	16348	25
1744199442.955045529	2272	2276	4	16385	16392	7
1744199446.662553510	2282	2284	2	16404	16412	8
1744199450.031043465	2286	2286	0	16425	16437	12
1744199453.218064386	2290	2291	1	16445	16455	10
1744199456.453035683	2297	2302	5	16464	16479	15
1744199460.049028239	2306	2308	2	16491	16504	13
1744199463.735033887	2309	2309	0	16512	16532	20
1744199467.232067233	2309	2309	0	16532	16540	8
1744199471.444043040	2314	2314	0	16548	16586	38
1744199474.995044461	2318	2319	1	16590	16601	11
1744199479.094026427	2319	2320	1	16601	16610	9
1744199482.682022045	2320	2320	0	16629	16667	38
1744199486.284999517	2324	2322	-2	16668	16681	13
1744199489.652026270	2318	2315	-3	16693	16728	35
1744199493.403027609	2307	2311	4	16743	16758	15
1744199496.869045176	2307	2310	3	16765	16773	8
1744199500.810038199	2307	2307	0	16784	16790	6
1744199504.596047203	2306	2309	3	16798	16802	4
1744199508.619031733	2315	2319	4	16800	16797	-3
1744199512.776051206	2319	2319	0	16799	16800	1
1744199517.070037874	2321	2324	3	16799	16799	0
1744199521.582038734	2326	2326	0	16798	16803	5
1744199525.087757993	2334	2334	0	16797	16812	15
1744199528.650036297	2327	2326	-1	16819	16821	2
1744199532.331044029	2303	2307	4	16844	16841	-3
1744199535.987041639	2330	2327	-3	16820	16831	11
1744199539.752044890	2347	2360	13	16811	16802	-9
1744199543.641039015	2354	2350	-4	16808	16812	4
1744199547.105061018	2339	2334	-5	16824	16829	5
1744199550.933021342	2329	2329	0	16834	16835	1
1744199554.488096282	2329	2331	2	16835	16836	1
1744199558.358040558	2320	2322	2	16849	16848	-1
1744199561.784051739	2312	2312	0	16862	16862	0
1744199565.003131716	2309	2304	-5	16865	16874	9
1744199568.113035105	2303	2301	-2	16876	16878	2
1744199571.325061065	2301	2302	1	16878	16877	-1
1744199574.611030578	2308	2306	-2	16871	16873	2
1744199577.749086510	2315	2314	-1	16864	16866	2
1744199580.974040305	2323	2325	2	16857	16856	-1
1744199584.208032123	2330	2330	0	16870	16870	0
1744199587.410049672	2329	2332	3	16871	16869	-2
1744199590.953644916	2340	2341	1	16861	16880	19
1744199594.159029415	2341	2340	-1	16880	16881	1
1744199597.541047626	2355	2357	2	16866	16866	0
1744199600.594045980	2352	2357	5	16871	16866	-5
1744199603.391052264	2357	2363	6	16866	16861	-5
1744199606.696051867	2363	2364	1	16861	16860	-1
1744199609.708038285	2352	2350	-2	16872	16874	2
1744199612.885528232	2350	2355	5	16874	16886	12
1744199616.174037784	2352	2341	-11	16913	16924	11
1744199619.272044384	2339	2337	-2	16926	16928	2
1744199622.809567111	2338	2338	0	16927	16927	0
1744199626.363980337	2342	2338	-4	16923	16937	14
1744199630.236039743	2318	2312	-6	16957	16963	6
1744199633.944037457	2312	2309	-3	16964	16967	3
1744199636.982058704	2315	2317	2	16961	16959	-2
1744199640.089190698	2319	2321	2	16981	16979	-2
1744199643.799037801	2322	2324	2	16978	16976	-2
1744199647.317620945	2330	2330	0	16970	16970	0
1744199651.272087999	2336	2340	4	16988	16986	-2
1744199655.193058098	2340	2343	3	16986	16985	-1
1744199658.702032781	2348	2347	-1	16980	16981	1
1744199662.626045741	2344	2344	0	16984	16985	1
1744199667.132026419	2349	2346	-3	16980	16983	3
1744199671.162046788	2348	2348	0	16982	16982	0
1745064603.845338946	0	0	0	0	0	0
1745064608.041919030	0	400	400	0	2967	2967
1745064611.832899411	1056	1063	7	8352	8557	205
1745064615.883261582	1225	1229	4	8917	9034	117
1745064619.612803127	1229	1333	104	9034	9763	729
1745064623.895475056	1427	1486	59	10001	10254	253
1745064628.090670087	1512	1643	131	10871	11201	330
1745064632.600937580	1654	1699	45	11626	11977	351
1745064637.140097448	1728	1771	43	12180	12534	354
1745064642.184103817	1892	2005	113	12804	13185	381
1745064646.730783876	2062	2075	13	13400	13408	8
1745064651.843901484	2108	2127	19	13853	14021	168
1745064655.895268532	2156	2232	76	14074	14392	318
1745064660.726756863	2242	2290	48	14402	14915	513
1745064665.244833583	2329	2375	46	15058	15470	412
1745064669.679312421	2446	2481	35	15852	16182	330
1745064674.270343077	2549	2576	27	16537	16586	49
1745064679.120442722	2688	2701	13	17401	17527	126
1745064684.791520056	2755	2780	25	17788	18043	255
1745064690.462656581	2839	2875	36	17994	18130	136
1745064696.180068144	2900	2904	4	18155	18387	232
1745064701.595368871	2907	2912	5	18478	18519	41
1745064706.757316036	2923	2926	3	18598	18606	8
1745064712.592892741	2937	2943	6	18658	18660	2
1745064724.389220723	2943	2947	4	18740	18971	231
1745064738.795120689	2957	2956	-1	18973	18995	22
1745064745.467285674	2976	2972	-4	18997	19040	43
1745064751.342141250	2979	2992	13	19209	19203	-6
1745064758.078959156	3055	3059	4	19281	19279	-2
1745064763.361780014	3112	3113	1	19456	19458	2
1745064767.364896440	3126	3122	-4	19605	19617	12
1745065266.619603027	0	0	0	0	0	0
1745065270.008218394	525	799	274	4364	7265	2901
1745065273.539172212	802	791	-11	7290	7461	171
1745065277.176327759	796	804	8	7476	7580	104
1745065280.881532686	804	806	2	7580	7645	65
1745065284.644419121	809	915	106	7699	8563	864
1745065291.639359844	917	1078	161	8573	8796	223
1745065298.710459344	1078	1155	77	8805	9347	542
1745065306.065714480	1156	1266	110	9375	10271	896
1745065313.187577422	1269	1356	87	10298	10557	259
1745065320.100123767	1356	1419	63	10561	10798	237
1745065327.565600437	1423	1516	93	10801	11558	757
1745065334.901024607	1516	1607	91	11581	12129	548
1745065342.413921626	1607	1659	52	12130	12428	298
1745065349.862445700	1660	1760	100	12428	13216	788
1745065357.746400911	1760	1806	46	13216	13559	343
1745065361.343526725	1806	1825	19	13559	13694	135
1745065518.178516897	0	0	0	0	0	0
1745065521.838216974	523	810	287	4351	7287	2936
1745065525.286607533	813	800	-13	7310	7527	217
1745065529.074059590	808	819	11	7541	7693	152
1745065532.660970603	819	825	6	7693	7760	67
1745065536.396237438	825	837	12	7792	7813	21
1745065540.019963553	837	1053	216	7821	8260	439
1745065543.732792290	1054	1108	54	8264	8996	732
1745065547.171824634	1108	1149	41	9002	9414	412
1745065550.626298533	1151	1204	53	9422	9894	472
1745065554.180058760	1201	1296	95	9898	10175	277
1745065557.992769077	1297	1330	33	10178	10197	19
1745065561.637702524	1331	1379	48	10198	10370	172
1745065565.310430117	1381	1442	61	10373	10661	288
1745065568.919691086	1443	1488	45	10663	11056	393
1745065572.334966566	1488	1523	35	11056	11399	343
1745065575.832466831	1531	1583	52	11401	11897	496
1745065579.280405894	1585	1600	15	11897	12052	155
1745065582.978912817	1605	1627	22	12054	12136	82
1745308350.287199026	0	0	0	0	0	0
1745308353.409047966	478	1000	522	4021	9499	5478
1745308356.608046071	1000	1025	25	9499	10014	515
1745308359.467044928	1220	1273	53	11648	12126	478
1745308362.416078558	1326	1353	27	12378	12752	374
1745308365.329070515	1353	1376	23	12752	13074	322
1745308368.498023224	1520	1546	26	13601	13836	235
1745308371.627029356	1549	1569	20	13912	14005	93
1745308374.798038060	1571	1641	70	14019	14102	83
1745308378.369049157	1699	1796	97	14174	14939	765
1745308381.755259539	1879	1949	70	15267	15712	445
1745308385.005044701	2022	2062	40	15905	16365	460
1745308388.028567935	2084	2127	43	17282	17696	414
1745308390.993036253	2215	2254	39	18368	18599	231
1745308394.356045611	2364	2399	35	19001	19554	553
1745308397.819104720	2524	2527	3	19872	19905	33
1745308401.539084929	2563	2593	30	20094	20097	3
1745308404.920024335	2593	2639	46	20097	20388	291
1745308408.320022876	2677	2704	27	20408	20698	290
1745308411.442045862	2704	2718	14	20698	21018	320
1745308414.390048150	2732	2779	47	21094	21361	267
1745308417.518099912	2792	2862	70	21353	21558	205
1745308420.711055092	2862	2873	11	21558	21595	37
1745308424.056038152	2872	2907	35	21619	21646	27
1745308427.241055117	2907	2932	25	21646	21662	16
1745308430.256028699	3018	3042	24	22259	22340	81
1745308433.275874932	3086	3094	8	22688	22794	106
1745308436.191022383	3134	3143	9	23079	23153	74
1745308439.281033248	3171	3174	3	23480	23614	134
1745308442.421057837	3204	3211	7	23786	23975	189
1745308445.440027495	3211	3214	3	23975	24000	25
1745308449.406024538	3237	3238	1	24090	24116	26
1745308452.893034764	3253	3250	-3	24271	24286	15
1745308456.482046442	3283	3283	0	24690	24709	19
1745308460.184036809	3321	3320	-1	25138	25158	20
1745308463.761153252	3359	3360	1	25549	25587	38
1745308466.897032028	3391	3388	-3	25890	25898	8
1745308470.030047165	3427	3434	7	26189	26187	-2
1745308480.735020215	3434	3438	4	26187	26196	9
1745308484.444048941	3492	3495	3	26947	26972	25
1745308488.044046983	3550	3555	5	27502	27749	247
1745308491.037040224	3672	3706	34	28033	28477	444
1745308494.582039924	3793	3849	56	28699	29217	518
1745308497.713046723	3889	3948	59	29353	29956	603
1745308501.282036257	3955	4043	88	29968	30178	210
1745308505.009855991	4067	4123	56	30760	30802	42
1745308508.103045770	4153	4200	47	31323	31542	219
1745308511.004030004	4220	4296	76	32285	32954	669
1745308514.090248300	4356	4452	96	33482	34109	627
1745308517.127057905	4565	4662	97	34499	34926	427
1745308520.387025592	4781	4852	71	35585	35857	272
1745308523.688044614	4910	4995	85	36040	36460	420
1745308527.379068121	5048	5077	29	36477	36686	209
1745308531.336621407	5105	5115	10	36704	36754	50
1745308535.432029219	5124	5131	7	36772	36803	31
1745308539.482028398	5131	5131	0	36803	36816	13
1745308543.249033652	5137	5147	10	36847	36854	7
1745308547.065121648	5143	5148	5	36878	36895	17
1745308550.812039508	5149	5153	4	36900	36913	13
1745308554.308037850	5149	5160	11	36924	37029	105
1745308580.187047952	5162	5160	-2	37041	37320	279
1745308583.953047338	5160	5165	5	37349	37356	7
1745308587.905041661	5164	5167	3	37360	37368	8
1745308591.854022591	5169	5169	0	37366	37372	6
1745308596.271045799	5166	5166	0	37378	37383	5
1745308600.377138435	5165	5164	-1	37387	37405	18
1745308604.784024900	5165	5164	-1	37405	37410	5
1745308609.839043215	5164	5165	1	37410	37419	9
1745308614.113032217	5165	5164	-1	37425	37429	4
1745308618.337045702	5163	5161	-2	37435	37445	10
1745308622.275027808	5159	5159	0	37448	37448	0
1745308626.369962024	5160	5155	-5	37451	37467	16
1745308630.715120765	5152	5151	-1	37470	37474	4
1745308634.974043332	5149	5149	0	37476	37482	6
1745308639.584046268	5146	5144	-2	37485	37488	3
1745308644.181507106	5145	5144	-1	37487	37490	3
1745308648.632032598	5143	5140	-3	37491	37501	10
1745308652.634050287	5140	5140	0	37504	37509	5
1745308656.868028948	5140	5136	-4	37509	37518	9
1745308660.991048531	5136	5136	0	37518	37523	5
1745308665.395045601	5137	5136	-1	37524	37525	1
1745308669.400038811	5136	5137	1	37525	37527	2
1745308673.203035686	5136	5136	0	37528	37532	4
1745308677.555025804	5138	5135	-3	37530	37551	21
1745308681.616049849	5135	5131	-4	37552	37575	23
1745308685.886298719	5127	5129	2	37579	37603	24
1745308689.938021474	5131	5129	-2	37601	37621	20
1745308694.069032639	5130	5127	-3	37621	37645	24
1745308698.268065447	5126	5123	-3	37646	37675	29
1745308702.649036428	5123	5124	1	37675	37686	11
1745308706.700043958	5123	5124	1	37687	37699	12
1745308711.013027757	5123	5126	3	37708	37720	12
1745308715.413058981	5126	5123	-3	37721	37734	13
1745308719.479026227	5123	5123	0	37735	37741	6
1745308723.501665980	5122	5123	1	37742	37741	-1
1745308727.935041428	5123	5121	-2	37741	37746	5
1745308731.992026202	5120	5117	-3	37769	37778	9
1745308735.627037593	5123	5123	0	37955	37955	0
1745308739.408289442	5135	5135	0	38191	38215	24
1745308743.297030559	5151	5149	-2	38440	38447	7
1745308747.233033237	5157	5158	1	38616	38623	7
1745308751.114749943	5158	5161	3	38696	38696	0
1745308755.430034126	5161	5163	2	38778	38776	-2
1745308758.997054210	5162	5162	0	38929	38930	1
1745308762.655060412	5196	5199	3	39003	39003	0
1745308765.876035536	5205	5207	2	39064	39063	-1
1745308769.042051867	5207	5208	1	39107	39110	3
1745308772.956019033	5205	5188	-17	39166	39183	17
1745308776.957037274	5186	5190	4	39260	39259	-1
1745308781.131063094	5191	5191	0	39307	39308	1
1745308785.161038016	5187	5189	2	39394	39394	0
1745308788.980082389	5191	5187	-4	39462	39466	4
1745308793.503021719	5190	5192	2	39480	39482	2
1745308797.996066758	5195	5194	-1	39503	39535	32
1745308802.258034531	5194	5200	6	39539	39534	-5
1745308806.028045679	5201	5201	0	39537	39539	2
1745308810.127044321	5203	5203	0	39544	39545	1
1745308813.704280986	5202	5200	-2	39547	39549	2
1745308817.753045802	5201	5202	1	39552	39551	-1
1745308821.972040158	5201	5202	1	39553	39554	1
1745308826.558036512	5203	5202	-1	39555	39556	1
1745308831.281040435	5202	5202	0	39557	39557	0
1745308835.919380855	5203	5202	-1	39558	39559	1
1745308839.660042087	5205	5205	0	39557	39558	1
1745308843.838030948	5202	5202	0	39563	39563	0
1745308847.425031971	5204	5203	-1	39564	39566	2
1745308851.247022974	5205	5206	1	39567	39566	-1
1745308855.204039025	5206	5206	0	39566	39566	0
1745308859.401080751	5205	5204	-1	39569	39570	1
1745308863.020027344	5201	5198	-3	39576	39579	3
1745308867.195793939	5202	5200	-2	39589	39591	2
1745308871.049043520	5202	5202	0	39594	39594	0
1745308874.844621086	5203	5203	0	39604	39604	0
1745308878.860035294	5202	5200	-2	39606	39608	2
1745308882.817033827	5198	5199	1	39623	39622	-1
1745308887.322042790	5199	5200	1	39625	39624	-1
1745308891.392024959	5196	5196	0	39638	39638	0
1745308895.128023939	5197	5197	0	39660	39661	1
1745308899.219041920	5196	5197	1	39667	39667	0
1745308902.851826537	5197	5197	0	39682	39683	1
1745308906.380047528	5196	5195	-1	39688	39689	1
1745308909.988039870	5195	5196	1	39690	39690	0
1745308913.773116603	5191	5188	-3	39714	39717	3
1745308917.817024740	5188	5191	3	39720	39717	-3
1745308922.073029244	5187	5186	-1	39722	39725	3
1745308926.211047514	5186	5181	-5	39725	39730	5
1745308930.217052550	5178	5178	0	39735	39735	0
1745308934.013040600	5178	5179	1	39736	39735	-1
1745308937.585047012	5176	5177	1	39738	39761	23
1745308941.270042188	5166	5167	1	39773	39772	-1
1745308944.684044271	5161	5161	0	39804	39806	2
1745308948.247038348	5159	5159	0	39810	39814	4
1745308952.399039977	5158	5158	0	39815	39815	0
1745308955.714052099	5162	5155	-7	39811	39819	8
1745308959.144330628	5140	5142	2	39834	39832	-2
1745308963.107042763	5141	5140	-1	39849	39855	6
1745308967.340063682	5139	5135	-4	39877	39900	23
1745308971.193021987	5137	5138	1	39898	39897	-1
1745308974.803027894	5140	5141	1	39917	39916	-1
1745308978.395066168	5138	5132	-6	39920	39927	7
1745308981.990079520	5140	5144	4	39919	39937	18
1745308985.695028995	5155	5155	0	39926	39948	22
1745308990.169040164	5157	5157	0	39946	39946	0
1745308994.006023938	5156	5159	3	39947	39944	-3
1745308997.636286218	5168	5161	-7	39935	39943	8
1745309001.385048142	5159	5160	1	39945	39944	-1
1745309004.669052701	5160	5159	-1	39944	39945	1
1745309008.914034213	5161	5162	1	39943	39943	0
1745309012.767059632	5163	5165	2	39942	39940	-2
1745309016.693082688	5168	5165	-3	39937	39940	3
1745309020.382025961	5176	5176	0	39929	39930	1
1745309023.981032598	5174	5173	-1	39932	39934	2
1745309027.959045941	5172	5175	3	39935	39933	-2
1745309032.034032899	5174	5173	-1	39934	39935	1
1745309035.821020563	5170	5173	3	39938	39935	-3
1745309040.093029946	5171	5171	0	39937	39938	1
1745309043.981047351	5173	5170	-3	39936	39939	3
1745309047.850045626	5175	5178	3	39934	39933	-1
1745309051.901038206	5179	5181	2	39932	39930	-2
1745309055.575032086	5182	5179	-3	39930	39933	3
1745309058.967025277	5182	5181	-1	39930	39931	1
1745309062.324051964	5177	5177	0	39935	39935	0
1745309066.373025726	5178	5179	1	39934	39933	-1
1745309070.378052097	5177	5176	-1	39935	39936	1
1745309074.291020991	5175	5176	1	39937	39936	-1
1745309078.226037586	5175	5177	2	39962	39960	-2
1745309082.110042290	5177	5177	0	39960	39960	0
1745309085.935119043	5177	5177	0	39960	39960	0
1745309090.044300969	5178	5178	0	39959	39960	1
1745309093.830043151	5177	5178	1	39961	39960	-1
1745309097.608067661	5179	5177	-2	39978	39980	2
1745309100.929033996	5177	5172	-5	39981	39986	5
1745309104.999044123	5172	5171	-1	39986	39987	1
1745309108.928030794	5170	5168	-2	39988	40012	24
1745309112.887984284	5168	5168	0	40012	40012	0
1745309117.032050421	5168	5166	-2	40012	40015	3
1745309120.843020804	5167	5168	1	40014	40013	-1
1745309124.679024787	5167	5167	0	40031	40032	1
1745309129.150063684	5167	5167	0	40032	40032	0
1745309133.530037080	5168	5167	-1	40032	40033	1
1745309137.283045036	5166	5167	1	40034	40033	-1
1745309141.710036545	5165	5165	0	40035	40035	0
1745309145.914028405	5166	5167	1	40034	40033	-1
1745309150.336028141	5166	5165	-1	40034	40035	1
1745309154.468045831	5165	5164	-1	40035	40036	1
1745309158.554029555	5163	5161	-2	40037	40039	2
1745309162.823021389	5162	5162	0	40039	40039	0
1745309166.909700189	5164	5162	-2	40037	40039	2
1745309171.317022127	5161	5160	-1	40040	40041	1
1745309175.396025133	5161	5161	0	40040	40040	0
1745309179.877031031	5160	5157	-3	40041	40044	3
1745309184.259030746	5158	5158	0	40043	40043	0
1745309188.573060429	5158	5156	-2	40043	40045	2
1745309192.973031231	5159	5159	0	40043	40043	0
1745309196.886054119	5160	5160	0	40042	40042	0
1745309200.701044936	5161	5159	-2	40041	40043	2
1745309204.065042321	5159	5160	1	40043	40042	-1
1745309208.401026727	5164	5164	0	40040	40040	0
1745309212.534077381	5165	5165	0	40039	40039	0
1745309217.244038176	5164	5164	0	40040	40040	0
1745309221.841051432	5163	5163	0	40041	40041	0
1745309226.695326973	5163	5164	1	40041	40040	-1
1745309230.917037179	5162	5163	1	40042	40041	-1
1745309234.908030275	5163	5158	-5	40042	40048	6
1745309239.167053266	5158	5158	0	40048	40048	0
1745309243.134036328	5160	5159	-1	40047	40048	1
1745309247.365041565	5159	5158	-1	40048	40049	1
1745309250.851048282	5157	5156	-1	40050	40052	2
1745309254.488291177	5155	5155	0	40053	40055	2
1745309258.498038480	5155	5156	1	40055	40060	5
1745309262.394038198	5154	5153	-1	40062	40063	1
1745309266.515039560	5151	5149	-2	40065	40073	8
1745309270.646054947	5142	5143	1	40081	40082	1
1745309274.562043258	5139	5135	-4	40086	40116	30
1745309278.648059344	5131	5130	-1	40121	40124	3
1745309282.529056770	5135	5133	-2	40119	40123	4
1745309286.348048963	5133	5137	4	40124	40123	-1
1745309290.342026843	5132	5129	-3	40128	40134	6
1745309294.951020862	5134	5138	4	40129	40132	3
1745309299.103049561	5140	5138	-2	40130	40134	4
1745309302.632036407	5136	5139	3	40136	40136	0
1745309306.177034321	5140	5141	1	40135	40134	-1
1745309309.056045643	5145	5141	-4	40130	40137	7
1745309311.993027747	5143	5138	-5	40152	40157	5
1745309315.511034785	5134	5137	3	40161	40158	-3
1745309319.559069597	5138	5138	0	40157	40167	10
1745309323.655068192	5141	5145	4	40164	40160	-4
1745309327.258078290	5143	5145	2	40162	40160	-2
1745309331.211041300	5145	5150	5	40160	40156	-4
1745309334.834047456	5145	5145	0	40161	40161	0
1745309338.626043207	5144	5147	3	40162	40160	-2
1745309342.311369266	5146	5144	-2	40161	40163	2
1745309345.804051349	5143	5146	3	40164	40162	-2
1745309349.569036103	5147	5146	-1	40161	40162	1
1745309353.436114660	5148	5155	7	40160	40153	-7
1745309357.546026230	5154	5158	4	40154	40174	20
1745309361.443057245	5161	5163	2	40171	40170	-1
1745309365.261049164	5164	5166	2	40169	40167	-2
1745309368.937021771	5168	5171	3	40165	40162	-3
1745309372.788031658	5169	5168	-1	40164	40165	1
1745309376.803040555	5168	5166	-2	40167	40169	2
1745309380.736035635	5166	5163	-3	40169	40196	27
1745309384.573043539	5164	5164	0	40195	40195	0
